schema_version,code_version,julia_version,task_id,batch_id,distribution,distribution_params,environment_model,model,model_parameter,L,environment_id,walk_id,environment_seed,walk_seed,winding,loop_erased_path_length,raw_walk_length,exit_location,exit_x,exit_y,runtime,sampled_site_count,status,error_type,error_message,started_at_utc,finished_at_utc
batch_v6_julia,2f619b8+source.020484b0bc41,1.12.6,1784,34,lognormal,"{""sigma"":1.0}",site_iid,lognormal,1.0,1024,3400,0,17908893283692274875,5606671494714560902,4,10389,772083,"-1024,121",-1024,121,0.3822010000003502,97231,ok,,,2026-07-14T18:08:09.440,2026-07-14T18:08:09.823
batch_v6_julia,2f619b8+source.020484b0bc41,1.12.6,1784,34,lognormal,"{""sigma"":1.0}",site_iid,lognormal,1.0,1024,3401,0,11310950297361242259,11103523493387327429,3,5479,343819,"1024,545",1024,545,0.17175000003771856,47733,ok,,,2026-07-14T18:08:09.823,2026-07-14T18:08:09.995
batch_v6_julia,2f619b8+source.020484b0bc41,1.12.6,1784,34,lognormal,"{""sigma"":1.0}",site_iid,lognormal,1.0,1024,3402,0,5860812679470953731,1825912314676787581,-1,8529,2257361,"-37,-1024",-37,-1024,1.1849229999934323,167680,ok,,,2026-07-14T18:08:09.995,2026-07-14T18:08:11.180
batch_v6_julia,2f619b8+source.020484b0bc41,1.12.6,1784,34,lognormal,"{""sigma"":1.0}",site_iid,lognormal,1.0,1024,3403,0,4596308045885154929,17615174589617509397,0,5011,1108059,"1024,-267",1024,-267,0.49489500001072884,111385,ok,,,2026-07-14T18:08:11.180,2026-07-14T18:08:11.675
batch_v6_julia,2f619b8+source.020484b0bc41,1.12.6,1784,34,lognormal,"{""sigma"":1.0}",site_iid,lognormal,1.0,1024,3404,0,14178827328579703265,3329749443311050013,1,8147,1053723,"1024,735",1024,735,0.6068610000074841,113006,ok,,,2026-07-14T18:08:11.675,2026-07-14T18:08:12.282
batch_v6_julia,2f619b8+source.020484b0bc41,1.12.6,1784,34,lognormal,"{""sigma"":1.0}",site_iid,lognormal,1.0,1024,3405,0,6945185268069079724,11850474330942055278,-6,6740,658398,"1024,8",1024,8,0.34160200000042096,84044,ok,,,2026-07-14T18:08:12.282,2026-07-14T18:08:12.624
batch_v6_julia,2f619b8+source.020484b0bc41,1.12.6,1784,34,lognormal,"{""sigma"":1.0}",site_iid,lognormal,1.0,1024,3406,0,3838458985579639075,17157945050511470463,1,5678,1054630,"596,1024",596,1024,0.631755999987945,119857,ok,,,2026-07-14T18:08:12.624,2026-07-14T18:08:13.256
batch_v6_julia,2f619b8+source.020484b0bc41,1.12.6,1784,34,lognormal,"{""sigma"":1.0}",site_iid,lognormal,1.0,1024,3407,0,1197953098464229269,6963898167009036284,2,7413,2580183,"1024,-267",1024,-267,1.140229000011459,187863,ok,,,2026-07-14T18:08:13.256,2026-07-14T18:08:14.396
batch_v6_julia,2f619b8+source.020484b0bc41,1.12.6,1784,34,lognormal,"{""sigma"":1.0}",site_iid,lognormal,1.0,1024,3408,0,1964615844160731917,17821103458421315007,0,5676,3636456,"-154,-1024",-154,-1024,1.8930019999970682,220686,ok,,,2026-07-14T18:08:14.397,2026-07-14T18:08:16.290
batch_v6_julia,2f619b8+source.020484b0bc41,1.12.6,1784,34,lognormal,"{""sigma"":1.0}",site_iid,lognormal,1.0,1024,3409,0,12683123401456057790,3570367775611120049,1,8017,1823515,"-267,1024",-267,1024,0.9296780000440776,156022,ok,,,2026-07-14T18:08:16.290,2026-07-14T18:08:17.220
batch_v6_julia,2f619b8+source.020484b0bc41,1.12.6,1784,34,lognormal,"{""sigma"":1.0}",site_iid,lognormal,1.0,1024,3410,0,17739722543399624264,14118478550656983816,-5,7988,2051410,"1024,-12",1024,-12,0.9871479999856092,162473,ok,,,2026-07-14T18:08:17.220,2026-07-14T18:08:18.207
batch_v6_julia,2f619b8+source.020484b0bc41,1.12.6,1784,34,lognormal,"{""sigma"":1.0}",site_iid,lognormal,1.0,1024,3411,0,13524252630260040011,11394115647582787422,-2,10337,1398171,"-1024,-545",-1024,-545,0.5804850000422448,134981,ok,,,2026-07-14T18:08:18.207,2026-07-14T18:08:18.788
batch_v6_julia,2f619b8+source.020484b0bc41,1.12.6,1784,34,lognormal,"{""sigma"":1.0}",site_iid,lognormal,1.0,1024,3412,0,8518535061340847985,1759879043184781679,3,4860,585274,"-1024,120",-1024,120,0.3510590000078082,72122,ok,,,2026-07-14T18:08:18.788,2026-07-14T18:08:19.139
batch_v6_julia,2f619b8+source.020484b0bc41,1.12.6,1784,34,lognormal,"{""sigma"":1.0}",site_iid,lognormal,1.0,1024,3413,0,1515833701538334251,4862135117763419286,2,9039,1798687,"299,-1024",299,-1024,0.8903169999830425,160512,ok,,,2026-07-14T18:08:19.139,2026-07-14T18:08:20.030
batch_v6_julia,2f619b8+source.020484b0bc41,1.12.6,1784,34,lognormal,"{""sigma"":1.0}",site_iid,lognormal,1.0,1024,3414,0,1285284479242779607,2229777118373330090,-1,10632,2350932,"1024,430",1024,430,1.0146550000063144,151829,ok,,,2026-07-14T18:08:20.030,2026-07-14T18:08:21.045
batch_v6_julia,2f619b8+source.020484b0bc41,1.12.6,1784,34,lognormal,"{""sigma"":1.0}",site_iid,lognormal,1.0,1024,3415,0,15167495885772698698,7845755553713291510,1,7593,902929,"-1024,655",-1024,655,0.3879280000110157,98217,ok,,,2026-07-14T18:08:21.045,2026-07-14T18:08:21.433
batch_v6_julia,2f619b8+source.020484b0bc41,1.12.6,1784,34,lognormal,"{""sigma"":1.0}",site_iid,lognormal,1.0,1024,3416,0,14530139169685764356,16431403727252539702,-1,4452,421584,"-1024,260",-1024,260,0.25901199999498203,59904,ok,,,2026-07-14T18:08:21.433,2026-07-14T18:08:21.692
batch_v6_julia,2f619b8+source.020484b0bc41,1.12.6,1784,34,lognormal,"{""sigma"":1.0}",site_iid,lognormal,1.0,1024,3417,0,13013190067597842737,15087562486663092247,5,8352,862484,"1024,622",1024,622,0.42942599998787045,105334,ok,,,2026-07-14T18:08:21.790,2026-07-14T18:08:22.219
batch_v6_julia,2f619b8+source.020484b0bc41,1.12.6,1784,34,lognormal,"{""sigma"":1.0}",site_iid,lognormal,1.0,1024,3418,0,16229472018257292355,7428447661790918941,-2,9218,1236866,"-1024,66",-1024,66,0.9062769999727607,132591,ok,,,2026-07-14T18:08:22.219,2026-07-14T18:08:23.126
batch_v6_julia,2f619b8+source.020484b0bc41,1.12.6,1784,34,lognormal,"{""sigma"":1.0}",site_iid,lognormal,1.0,1024,3419,0,16017857826325213726,10876914999083954506,4,5458,6432552,"642,-1024",642,-1024,2.761965000012424,225114,ok,,,2026-07-14T18:08:23.126,2026-07-14T18:08:25.888
batch_v6_julia,2f619b8+source.020484b0bc41,1.12.6,1784,34,lognormal,"{""sigma"":1.0}",site_iid,lognormal,1.0,1024,3420,0,6920543540278152135,2384446266472645978,4,16115,1687957,"1024,833",1024,833,0.7719870000146329,159332,ok,,,2026-07-14T18:08:25.888,2026-07-14T18:08:26.661
batch_v6_julia,2f619b8+source.020484b0bc41,1.12.6,1784,34,lognormal,"{""sigma"":1.0}",site_iid,lognormal,1.0,1024,3421,0,6169531745476611009,2161651770983151244,-3,10904,2690444,"1024,414",1024,414,1.0811799999792129,200298,ok,,,2026-07-14T18:08:26.661,2026-07-14T18:08:27.742
batch_v6_julia,2f619b8+source.020484b0bc41,1.12.6,1784,34,lognormal,"{""sigma"":1.0}",site_iid,lognormal,1.0,1024,3422,0,5520909434576071130,9120650654142894679,-1,5001,495075,"243,-1024",243,-1024,0.1309210000326857,65928,ok,,,2026-07-14T18:08:27.753,2026-07-14T18:08:27.884
batch_v6_julia,2f619b8+source.020484b0bc41,1.12.6,1784,34,lognormal,"{""sigma"":1.0}",site_iid,lognormal,1.0,1024,3423,0,16174969534681486944,8117617761117460757,-3,4998,1680804,"-1024,390",-1024,390,0.5359199999948032,146752,ok,,,2026-07-14T18:08:27.884,2026-07-14T18:08:28.420
batch_v6_julia,2f619b8+source.020484b0bc41,1.12.6,1784,34,lognormal,"{""sigma"":1.0}",site_iid,lognormal,1.0,1024,3424,0,17479774685906866897,11503586388367227583,4,11612,991176,"-1024,534",-1024,534,0.4409839999862015,115818,ok,,,2026-07-14T18:08:28.420,2026-07-14T18:08:28.862
batch_v6_julia,2f619b8+source.020484b0bc41,1.12.6,1784,34,lognormal,"{""sigma"":1.0}",site_iid,lognormal,1.0,1024,3425,0,16413429551854489611,2429280096938703014,2,6855,666555,"177,1024",177,1024,0.3351259999908507,84819,ok,,,2026-07-14T18:08:09.440,2026-07-14T18:08:09.776
batch_v6_julia,2f619b8+source.020484b0bc41,1.12.6,1784,34,lognormal,"{""sigma"":1.0}",site_iid,lognormal,1.0,1024,3426,0,4792263128265464318,5413273587550847784,-1,7000,358190,"114,-1024",114,-1024,0.1961320000118576,57833,ok,,,2026-07-14T18:08:09.787,2026-07-14T18:08:09.983
batch_v6_julia,2f619b8+source.020484b0bc41,1.12.6,1784,34,lognormal,"{""sigma"":1.0}",site_iid,lognormal,1.0,1024,3427,0,3392645720923921110,9800596473418406473,-4,8647,988651,"-1024,-627",-1024,-627,0.5895420000306331,120644,ok,,,2026-07-14T18:08:09.984,2026-07-14T18:08:10.573
batch_v6_julia,2f619b8+source.020484b0bc41,1.12.6,1784,34,lognormal,"{""sigma"":1.0}",site_iid,lognormal,1.0,1024,3428,0,8641768273469450591,17916115393798370959,1,13188,1257986,"-1024,-88",-1024,-88,0.6833329999935813,121144,ok,,,2026-07-14T18:08:10.574,2026-07-14T18:08:11.257
batch_v6_julia,2f619b8+source.020484b0bc41,1.12.6,1784,34,lognormal,"{""sigma"":1.0}",site_iid,lognormal,1.0,1024,3429,0,7681960825947942644,13680529606909892634,4,6972,820484,"1024,-144",1024,-144,0.4051439999602735,98844,ok,,,2026-07-14T18:08:11.257,2026-07-14T18:08:11.663
batch_v6_julia,2f619b8+source.020484b0bc41,1.12.6,1784,34,lognormal,"{""sigma"":1.0}",site_iid,lognormal,1.0,1024,3430,0,11734120131839806886,14568641350308445685,-2,7303,2866291,"-1024,-491",-1024,-491,1.431230999995023,168912,ok,,,2026-07-14T18:08:11.663,2026-07-14T18:08:13.094
batch_v6_julia,2f619b8+source.020484b0bc41,1.12.6,1784,34,lognormal,"{""sigma"":1.0}",site_iid,lognormal,1.0,1024,3431,0,12386155581829855951,4000498859895129318,0,6896,1736982,"-1024,128",-1024,128,0.6766869999701157,141987,ok,,,2026-07-14T18:08:13.095,2026-07-14T18:08:13.772
batch_v6_julia,2f619b8+source.020484b0bc41,1.12.6,1784,34,lognormal,"{""sigma"":1.0}",site_iid,lognormal,1.0,1024,3432,0,10512246869776029919,14747372924202536732,1,5109,4360171,"-1024,-289",-1024,-289,2.0974710000446066,205033,ok,,,2026-07-14T18:08:13.772,2026-07-14T18:08:15.870
batch_v6_julia,2f619b8+source.020484b0bc41,1.12.6,1784,34,lognormal,"{""sigma"":1.0}",site_iid,lognormal,1.0,1024,3433,0,13900945868174443156,16176094390055338001,-1,6282,871586,"-12,1024",-12,1024,0.3877920000231825,92497,ok,,,2026-07-14T18:08:15.870,2026-07-14T18:08:16.258
batch_v6_julia,2f619b8+source.020484b0bc41,1.12.6,1784,34,lognormal,"{""sigma"":1.0}",site_iid,lognormal,1.0,1024,3434,0,5493258863377397928,8647635451741993605,-3,9347,2264051,"509,-1024",509,-1024,1.0392099999589846,170009,ok,,,2026-07-14T18:08:16.258,2026-07-14T18:08:17.297
batch_v6_julia,2f619b8+source.020484b0bc41,1.12.6,1784,34,lognormal,"{""sigma"":1.0}",site_iid,lognormal,1.0,1024,3435,0,1999591145281759629,16218429575931665514,3,9280,693616,"1024,-464",1024,-464,0.37366199999814853,92700,ok,,,2026-07-14T18:08:17.297,2026-07-14T18:08:17.671
batch_v6_julia,2f619b8+source.020484b0bc41,1.12.6,1784,34,lognormal,"{""sigma"":1.0}",site_iid,lognormal,1.0,1024,3436,0,285271796798239898,9994299299694125735,-2,6334,2379834,"-68,1024",-68,1024,1.0489809999708086,170458,ok,,,2026-07-14T18:08:17.671,2026-07-14T18:08:18.720
batch_v6_julia,2f619b8+source.020484b0bc41,1.12.6,1784,34,lognormal,"{""sigma"":1.0}",site_iid,lognormal,1.0,1024,3437,0,598404239425537482,4618789073451924621,3,7078,3074086,"-370,-1024",-370,-1024,1.410896000044886,177106,ok,,,2026-07-14T18:08:18.720,2026-07-14T18:08:20.132
batch_v6_julia,2f619b8+source.020484b0bc41,1.12.6,1784,34,lognormal,"{""sigma"":1.0}",site_iid,lognormal,1.0,1024,3438,0,14108418239811657589,13792350266442207664,-2,4482,328398,"62,-1024",62,-1024,0.15882400004193187,52009,ok,,,2026-07-14T18:08:20.132,2026-07-14T18:08:20.291
batch_v6_julia,2f619b8+source.020484b0bc41,1.12.6,1784,34,lognormal,"{""sigma"":1.0}",site_iid,lognormal,1.0,1024,3439,0,5177175845431409708,1715409822293497533,3,7881,1469875,"1024,271",1024,271,0.6321049999678507,131097,ok,,,2026-07-14T18:08:20.291,2026-07-14T18:08:20.923
batch_v6_julia,2f619b8+source.020484b0bc41,1.12.6,1784,34,lognormal,"{""sigma"":1.0}",site_iid,lognormal,1.0,1024,3440,0,16368441585689388630,12188013432669262383,0,3985,435373,"97,1024",97,1024,0.2813259999966249,62465,ok,,,2026-07-14T18:08:20.923,2026-07-14T18:08:21.204
batch_v6_julia,2f619b8+source.020484b0bc41,1.12.6,1784,34,lognormal,"{""sigma"":1.0}",site_iid,lognormal,1.0,1024,3441,0,17425739359901477068,11705297939320193431,2,5377,318999,"315,1024",315,1024,0.15662100003100932,46577,ok,,,2026-07-14T18:08:21.205,2026-07-14T18:08:21.361
batch_v6_julia,2f619b8+source.020484b0bc41,1.12.6,1784,34,lognormal,"{""sigma"":1.0}",site_iid,lognormal,1.0,1024,3442,0,10902123757675818161,1960445582320500831,1,4509,632879,"-1024,-7",-1024,-7,0.4313370000454597,78348,ok,,,2026-07-14T18:08:21.362,2026-07-14T18:08:21.793
batch_v6_julia,2f619b8+source.020484b0bc41,1.12.6,1784,34,lognormal,"{""sigma"":1.0}",site_iid,lognormal,1.0,1024,3443,0,3827869235449447073,5651001839861537438,-1,10111,731695,"-351,1024",-351,1024,0.35049899999285117,93011,ok,,,2026-07-14T18:08:21.794,2026-07-14T18:08:22.144
batch_v6_julia,2f619b8+source.020484b0bc41,1.12.6,1784,34,lognormal,"{""sigma"":1.0}",site_iid,lognormal,1.0,1024,3444,0,4329342892364873839,9635126660810484829,3,7346,1219926,"716,1024",716,1024,0.8521380000165664,125579,ok,,,2026-07-14T18:08:22.145,2026-07-14T18:08:22.997
batch_v6_julia,2f619b8+source.020484b0bc41,1.12.6,1784,34,lognormal,"{""sigma"":1.0}",site_iid,lognormal,1.0,1024,3445,0,11404613874050001834,15387926201111764298,-4,6669,2497925,"-1024,681",-1024,681,1.376789000001736,186640,ok,,,2026-07-14T18:08:22.997,2026-07-14T18:08:24.374
batch_v6_julia,2f619b8+source.020484b0bc41,1.12.6,1784,34,lognormal,"{""sigma"":1.0}",site_iid,lognormal,1.0,1024,3446,0,3556012265333449172,18241713410040707702,3,9350,1739838,"-1024,-36",-1024,-36,0.7371120000025257,164962,ok,,,2026-07-14T18:08:24.374,2026-07-14T18:08:25.111
batch_v6_julia,2f619b8+source.020484b0bc41,1.12.6,1784,34,lognormal,"{""sigma"":1.0}",site_iid,lognormal,1.0,1024,3447,0,12897271743749834454,3296569779257924589,-3,8768,1423136,"-376,-1024",-376,-1024,0.7893310000072233,139779,ok,,,2026-07-14T18:08:25.111,2026-07-14T18:08:25.901
batch_v6_julia,2f619b8+source.020484b0bc41,1.12.6,1784,34,lognormal,"{""sigma"":1.0}",site_iid,lognormal,1.0,1024,3448,0,2215834042064031064,16414156040539074993,2,11493,1093465,"-1024,-617",-1024,-617,0.5414529999834485,114889,ok,,,2026-07-14T18:08:25.903,2026-07-14T18:08:26.445
batch_v6_julia,2f619b8+source.020484b0bc41,1.12.6,1784,34,lognormal,"{""sigma"":1.0}",site_iid,lognormal,1.0,1024,3449,0,11743147013312778062,11607634216339078999,-1,8072,1036768,"-108,1024",-108,1024,0.5085510000353679,109020,ok,,,2026-07-14T18:08:26.445,2026-07-14T18:08:26.954
batch_v6_julia,2f619b8+source.020484b0bc41,1.12.6,1784,34,lognormal,"{""sigma"":1.0}",site_iid,lognormal,1.0,1024,3450,0,10433522460032605662,8515978013926171685,3,7437,1124491,"-1024,-611",-1024,-611,0.5349050000077114,112577,ok,,,2026-07-14T18:08:09.440,2026-07-14T18:08:09.975
batch_v6_julia,2f619b8+source.020484b0bc41,1.12.6,1784,34,lognormal,"{""sigma"":1.0}",site_iid,lognormal,1.0,1024,3451,0,8927548195085044980,14699045845891301043,0,5291,801485,"-1024,-275",-1024,-275,0.454712999984622,89351,ok,,,2026-07-14T18:08:09.975,2026-07-14T18:08:10.430
batch_v6_julia,2f619b8+source.020484b0bc41,1.12.6,1784,34,lognormal,"{""sigma"":1.0}",site_iid,lognormal,1.0,1024,3452,0,9227070366100502580,9134369234979343169,0,3980,549784,"-94,1024",-94,1024,0.2439359999843873,60565,ok,,,2026-07-14T18:08:10.430,2026-07-14T18:08:10.675
batch_v6_julia,2f619b8+source.020484b0bc41,1.12.6,1784,34,lognormal,"{""sigma"":1.0}",site_iid,lognormal,1.0,1024,3453,0,12926974625342698365,3193257312810383738,3,7009,1880755,"1024,-181",1024,-181,0.9661910000140779,161006,ok,,,2026-07-14T18:08:10.675,2026-07-14T18:08:11.641
batch_v6_julia,2f619b8+source.020484b0bc41,1.12.6,1784,34,lognormal,"{""sigma"":1.0}",site_iid,lognormal,1.0,1024,3454,0,5408125453165195390,5231362029605897748,2,5967,1567531,"-665,1024",-665,1024,0.7800259999930859,139596,ok,,,2026-07-14T18:08:11.641,2026-07-14T18:08:12.421
batch_v6_julia,2f619b8+source.020484b0bc41,1.12.6,1784,34,lognormal,"{""sigma"":1.0}",site_iid,lognormal,1.0,1024,3455,0,9647097926540859113,7865714099757088826,2,9392,4348820,"-1024,682",-1024,682,1.8793339999974705,195669,ok,,,2026-07-14T18:08:12.421,2026-07-14T18:08:14.301
batch_v6_julia,2f619b8+source.020484b0bc41,1.12.6,1784,34,lognormal,"{""sigma"":1.0}",site_iid,lognormal,1.0,1024,3456,0,3524391579693934166,10190580770475312506,-2,8157,914275,"-1024,-131",-1024,-131,0.4592590000247583,106630,ok,,,2026-07-14T18:08:14.301,2026-07-14T18:08:14.761
batch_v6_julia,2f619b8+source.020484b0bc41,1.12.6,1784,34,lognormal,"{""sigma"":1.0}",site_iid,lognormal,1.0,1024,3457,0,1834606044600990981,9987553760991278150,-1,6893,838745,"-301,-1024",-301,-1024,0.5347169999731705,99565,ok,,,2026-07-14T18:08:14.761,2026-07-14T18:08:15.296
batch_v6_julia,2f619b8+source.020484b0bc41,1.12.6,1784,34,lognormal,"{""sigma"":1.0}",site_iid,lognormal,1.0,1024,3458,0,15715635139082663366,6389560915875242808,-1,9004,1366900,"420,-1024",420,-1024,0.7331720000365749,135561,ok,,,2026-07-14T18:08:15.296,2026-07-14T18:08:16.029
batch_v6_julia,2f619b8+source.020484b0bc41,1.12.6,1784,34,lognormal,"{""sigma"":1.0}",site_iid,lognormal,1.0,1024,3459,0,1470030621105514874,5054951541323941718,-1,10151,1821327,"-1024,-267",-1024,-267,0.9185380000271834,164976,ok,,,2026-07-14T18:08:16.030,2026-07-14T18:08:16.949
batch_v6_julia,2f619b8+source.020484b0bc41,1.12.6,1784,34,lognormal,"{""sigma"":1.0}",site_iid,lognormal,1.0,1024,3460,0,6448918916573678396,5221506038805119620,-2,7377,1109917,"249,-1024",249,-1024,0.5565710000228137,119840,ok,,,2026-07-14T18:08:16.949,2026-07-14T18:08:17.506
batch_v6_julia,2f619b8+source.020484b0bc41,1.12.6,1784,34,lognormal,"{""sigma"":1.0}",site_iid,lognormal,1.0,1024,3461,0,860415870320405339,7094257928889905561,2,12008,1141544,"1024,-410",1024,-410,0.6228639999753796,128699,ok,,,2026-07-14T18:08:17.506,2026-07-14T18:08:18.129
batch_v6_julia,2f619b8+source.020484b0bc41,1.12.6,1784,34,lognormal,"{""sigma"":1.0}",site_iid,lognormal,1.0,1024,3462,0,9754316959740496278,10339929621491422709,2,6738,2106852,"-332,1024",-332,1024,0.8696429999545217,161180,ok,,,2026-07-14T18:08:18.129,2026-07-14T18:08:18.999
batch_v6_julia,2f619b8+source.020484b0bc41,1.12.6,1784,34,lognormal,"{""sigma"":1.0}",site_iid,lognormal,1.0,1024,3463,0,13550680860767988217,10918714814795159080,0,5184,532286,"-296,1024",-296,1024,0.30580199998803437,64540,ok,,,2026-07-14T18:08:18.999,2026-07-14T18:08:19.305
batch_v6_julia,2f619b8+source.020484b0bc41,1.12.6,1784,34,lognormal,"{""sigma"":1.0}",site_iid,lognormal,1.0,1024,3464,0,9286233528722909338,425800173476057893,0,10044,1230600,"1024,-504",1024,-504,0.5469940000330098,121722,ok,,,2026-07-14T18:08:19.305,2026-07-14T18:08:19.853
batch_v6_julia,2f619b8+source.020484b0bc41,1.12.6,1784,34,lognormal,"{""sigma"":1.0}",site_iid,lognormal,1.0,1024,3465,0,1358700918868117651,14229954947449391794,-4,9734,2505090,"-1024,-216",-1024,-216,1.2372730000060983,186413,ok,,,2026-07-14T18:08:19.853,2026-07-14T18:08:21.090
batch_v6_julia,2f619b8+source.020484b0bc41,1.12.6,1784,34,lognormal,"{""sigma"":1.0}",site_iid,lognormal,1.0,1024,3466,0,2922203249897193202,15511830587297629576,-2,7005,555423,"-353,-1024",-353,-1024,0.27101099997526035,75797,ok,,,2026-07-14T18:08:21.090,2026-07-14T18:08:21.362
batch_v6_julia,2f619b8+source.020484b0bc41,1.12.6,1784,34,lognormal,"{""sigma"":1.0}",site_iid,lognormal,1.0,1024,3467,0,1230047407059201697,2978407587459097032,-4,8379,771505,"-751,1024",-751,1024,0.4743529999977909,99208,ok,,,2026-07-14T18:08:21.362,2026-07-14T18:08:21.836
batch_v6_julia,2f619b8+source.020484b0bc41,1.12.6,1784,34,lognormal,"{""sigma"":1.0}",site_iid,lognormal,1.0,1024,3468,0,4906559330185644761,2236525107490693187,-4,4744,635526,"-358,1024",-358,1024,0.3222470000036992,83516,ok,,,2026-07-14T18:08:21.836,2026-07-14T18:08:22.159
batch_v6_julia,2f619b8+source.020484b0bc41,1.12.6,1784,34,lognormal,"{""sigma"":1.0}",site_iid,lognormal,1.0,1024,3469,0,12289523153562719012,14892767032532058898,3,10045,613121,"1024,387",1024,387,0.44565199996577576,84257,ok,,,2026-07-14T18:08:22.159,2026-07-14T18:08:22.605
batch_v6_julia,2f619b8+source.020484b0bc41,1.12.6,1784,34,lognormal,"{""sigma"":1.0}",site_iid,lognormal,1.0,1024,3470,0,9662074071880123870,2233826928119703302,-2,10042,502898,"1024,-740",1024,-740,0.41472300002351403,70540,ok,,,2026-07-14T18:08:22.605,2026-07-14T18:08:23.020
batch_v6_julia,2f619b8+source.020484b0bc41,1.12.6,1784,34,lognormal,"{""sigma"":1.0}",site_iid,lognormal,1.0,1024,3471,0,5337611015215840019,11461131336665222999,1,8661,895993,"321,-1024",321,-1024,0.5865040000062436,105084,ok,,,2026-07-14T18:08:23.020,2026-07-14T18:08:23.607
batch_v6_julia,2f619b8+source.020484b0bc41,1.12.6,1784,34,lognormal,"{""sigma"":1.0}",site_iid,lognormal,1.0,1024,3472,0,12610482766838018310,1601111193130915222,1,7900,1581742,"8,1024",8,1024,0.803738999995403,145262,ok,,,2026-07-14T18:08:23.607,2026-07-14T18:08:24.411
batch_v6_julia,2f619b8+source.020484b0bc41,1.12.6,1784,34,lognormal,"{""sigma"":1.0}",site_iid,lognormal,1.0,1024,3473,0,8376342685968907007,13369993281017557831,-5,9312,2704996,"-1024,184",-1024,184,1.2659940000157803,196327,ok,,,2026-07-14T18:08:24.411,2026-07-14T18:08:25.677
batch_v6_julia,2f619b8+source.020484b0bc41,1.12.6,1784,34,lognormal,"{""sigma"":1.0}",site_iid,lognormal,1.0,1024,3474,0,11072192864324907005,13717784216806839081,0,12835,1161215,"-1024,-113",-1024,-113,0.6599629999836907,124972,ok,,,2026-07-14T18:08:25.677,2026-07-14T18:08:26.337
batch_v6_julia,2f619b8+source.020484b0bc41,1.12.6,1784,34,lognormal,"{""sigma"":1.0}",site_iid,lognormal,1.0,1024,3475,0,2924266299299729440,10168685802947318459,-4,5902,777308,"-38,1024",-38,1024,0.3624009999912232,89959,ok,,,2026-07-14T18:08:09.440,2026-07-14T18:08:09.803
batch_v6_julia,2f619b8+source.020484b0bc41,1.12.6,1784,34,lognormal,"{""sigma"":1.0}",site_iid,lognormal,1.0,1024,3476,0,3857874112340692362,16360061747686247765,-1,9104,1780434,"-556,1024",-556,1024,0.9009139999980107,153862,ok,,,2026-07-14T18:08:09.803,2026-07-14T18:08:10.704
batch_v6_julia,2f619b8+source.020484b0bc41,1.12.6,1784,34,lognormal,"{""sigma"":1.0}",site_iid,lognormal,1.0,1024,3477,0,2900572505771254110,15257888948102437603,1,5103,406045,"-197,1024",-197,1024,0.20500000001629815,60907,ok,,,2026-07-14T18:08:10.705,2026-07-14T18:08:10.910
batch_v6_julia,2f619b8+source.020484b0bc41,1.12.6,1784,34,lognormal,"{""sigma"":1.0}",site_iid,lognormal,1.0,1024,3478,0,5967340290778112979,6234904971308085402,0,4260,304994,"-218,1024",-218,1024,0.2551489999750629,48959,ok,,,2026-07-14T18:08:10.910,2026-07-14T18:08:11.165
batch_v6_julia,2f619b8+source.020484b0bc41,1.12.6,1784,34,lognormal,"{""sigma"":1.0}",site_iid,lognormal,1.0,1024,3479,0,11729246492496919117,12866534218050999644,0,5474,672122,"68,-1024",68,-1024,0.31714200001442805,83488,ok,,,2026-07-14T18:08:11.165,2026-07-14T18:08:11.483
batch_v6_julia,2f619b8+source.020484b0bc41,1.12.6,1784,34,lognormal,"{""sigma"":1.0}",site_iid,lognormal,1.0,1024,3480,0,8185855824452299385,16597398993844454848,4,13500,1663314,"-650,-1024",-650,-1024,0.9261779999942519,159493,ok,,,2026-07-14T18:08:11.483,2026-07-14T18:08:12.409
batch_v6_julia,2f619b8+source.020484b0bc41,1.12.6,1784,34,lognormal,"{""sigma"":1.0}",site_iid,lognormal,1.0,1024,3481,0,11301571149352775206,270863799719450577,3,6747,1303591,"-397,-1024",-397,-1024,0.7699119999888353,135642,ok,,,2026-07-14T18:08:12.409,2026-07-14T18:08:13.179
batch_v6_julia,2f619b8+source.020484b0bc41,1.12.6,1784,34,lognormal,"{""sigma"":1.0}",site_iid,lognormal,1.0,1024,3482,0,10417297729634271011,17052918379729065433,-1,8416,1646738,"-1024,396",-1024,396,0.696624000032898,144512,ok,,,2026-07-14T18:08:13.180,2026-07-14T18:08:13.876
batch_v6_julia,2f619b8+source.020484b0bc41,1.12.6,1784,34,lognormal,"{""sigma"":1.0}",site_iid,lognormal,1.0,1024,3483,0,15249081935745351196,16260892367839329476,-3,7124,2522700,"-480,1024",-480,1024,1.3109190000104718,181887,ok,,,2026-07-14T18:08:13.877,2026-07-14T18:08:15.188
batch_v6_julia,2f619b8+source.020484b0bc41,1.12.6,1784,34,lognormal,"{""sigma"":1.0}",site_iid,lognormal,1.0,1024,3484,0,1414945235900907599,11621811006497213069,-4,8241,2861875,"-1024,671",-1024,671,1.3014180000172928,188467,ok,,,2026-07-14T18:08:15.193,2026-07-14T18:08:16.495
batch_v6_julia,2f619b8+source.020484b0bc41,1.12.6,1784,34,lognormal,"{""sigma"":1.0}",site_iid,lognormal,1.0,1024,3485,0,15427307543136773149,12091665912621693818,0,8887,1574453,"1024,-507",1024,-507,0.8673370000324212,149933,ok,,,2026-07-14T18:08:16.495,2026-07-14T18:08:17.363
batch_v6_julia,2f619b8+source.020484b0bc41,1.12.6,1784,34,lognormal,"{""sigma"":1.0}",site_iid,lognormal,1.0,1024,3486,0,11845853548936365551,12879605256997466444,2,7490,2518196,"1024,-536",1024,-536,1.0744650000124238,175382,ok,,,2026-07-14T18:08:17.370,2026-07-14T18:08:18.445
batch_v6_julia,2f619b8+source.020484b0bc41,1.12.6,1784,34,lognormal,"{""sigma"":1.0}",site_iid,lognormal,1.0,1024,3487,0,5214983285246036118,10693689289040217966,1,8316,1310658,"442,1024",442,1024,0.5590719999745488,126584,ok,,,2026-07-14T18:08:18.445,2026-07-14T18:08:19.004
batch_v6_julia,2f619b8+source.020484b0bc41,1.12.6,1784,34,lognormal,"{""sigma"":1.0}",site_iid,lognormal,1.0,1024,3488,0,14858910326296437481,17397743486278049021,-2,7590,1382718,"-1024,-168",-1024,-168,0.6575550000416115,125454,ok,,,2026-07-14T18:08:19.004,2026-07-14T18:08:19.662
batch_v6_julia,2f619b8+source.020484b0bc41,1.12.6,1784,34,lognormal,"{""sigma"":1.0}",site_iid,lognormal,1.0,1024,3489,0,6214025107264611915,15112182050801578473,-1,12560,1351734,"-770,-1024",-770,-1024,0.7224479999858886,141641,ok,,,2026-07-14T18:08:19.662,2026-07-14T18:08:20.385
batch_v6_julia,2f619b8+source.020484b0bc41,1.12.6,1784,34,lognormal,"{""sigma"":1.0}",site_iid,lognormal,1.0,1024,3490,0,3946328714744509011,9882309916030551032,-1,4804,466168,"-1024,524",-1024,524,0.22003700002096593,62148,ok,,,2026-07-14T18:08:20.385,2026-07-14T18:08:20.605
batch_v6_julia,2f619b8+source.020484b0bc41,1.12.6,1784,34,lognormal,"{""sigma"":1.0}",site_iid,lognormal,1.0,1024,3491,0,8032672117044361842,926530062501220825,0,7659,1082213,"-725,-1024",-725,-1024,0.5384700000286102,116197,ok,,,2026-07-14T18:08:20.606,2026-07-14T18:08:21.144
batch_v6_julia,2f619b8+source.020484b0bc41,1.12.6,1784,34,lognormal,"{""sigma"":1.0}",site_iid,lognormal,1.0,1024,3492,0,3794105080387662291,10454360731432225614,2,6516,1993042,"1024,-636",1024,-636,1.0391299999901094,161849,ok,,,2026-07-14T18:08:21.144,2026-07-14T18:08:22.184
batch_v6_julia,2f619b8+source.020484b0bc41,1.12.6,1784,34,lognormal,"{""sigma"":1.0}",site_iid,lognormal,1.0,1024,3493,0,6321847903000004629,7149133091444265180,-1,8307,2289779,"261,1024",261,1024,1.5288559999899007,184021,ok,,,2026-07-14T18:08:22.184,2026-07-14T18:08:23.713
batch_v6_julia,2f619b8+source.020484b0bc41,1.12.6,1784,34,lognormal,"{""sigma"":1.0}",site_iid,lognormal,1.0,1024,3494,0,7548694681634398724,8531655846240396245,0,4997,797479,"133,-1024",133,-1024,0.3968329999479465,93323,ok,,,2026-07-14T18:08:23.714,2026-07-14T18:08:24.111
batch_v6_julia,2f619b8+source.020484b0bc41,1.12.6,1784,34,lognormal,"{""sigma"":1.0}",site_iid,lognormal,1.0,1024,3495,0,18389972628820927427,14516490893205649938,2,5958,4053646,"-1024,-336",-1024,-336,1.7332440000027418,210655,ok,,,2026-07-14T18:08:24.111,2026-07-14T18:08:25.845
batch_v6_julia,2f619b8+source.020484b0bc41,1.12.6,1784,34,lognormal,"{""sigma"":1.0}",site_iid,lognormal,1.0,1024,3496,0,1719168455099591813,10183755851599387856,2,6831,561013,"1024,-419",1024,-419,0.33271599997533485,75561,ok,,,2026-07-14T18:08:25.845,2026-07-14T18:08:26.178
batch_v6_julia,2f619b8+source.020484b0bc41,1.12.6,1784,34,lognormal,"{""sigma"":1.0}",site_iid,lognormal,1.0,1024,3497,0,3179111753163736120,16785874491758545757,4,6147,4142919,"233,1024",233,1024,1.6032349999877624,224950,ok,,,2026-07-14T18:08:26.178,2026-07-14T18:08:27.781
batch_v6_julia,2f619b8+source.020484b0bc41,1.12.6,1784,34,lognormal,"{""sigma"":1.0}",site_iid,lognormal,1.0,1024,3498,0,8917208717981104072,9150589736571881956,0,6201,1166201,"1024,407",1024,407,0.3077000000048429,124043,ok,,,2026-07-14T18:08:27.782,2026-07-14T18:08:28.089
batch_v6_julia,2f619b8+source.020484b0bc41,1.12.6,1784,34,lognormal,"{""sigma"":1.0}",site_iid,lognormal,1.0,1024,3499,0,17079960711364142900,4311444990318281852,0,7961,725023,"-577,1024",-577,1024,0.32823099999222904,99192,ok,,,2026-07-14T18:08:28.090,2026-07-14T18:08:28.418
